477 2
243 260
2 2
247 250
336 218
173 301
205 238
291 286
433 64
169 283
474 39
150 289
277 270
244 276
305 269
401 134
181 236
235 251
337 185
464 33
230 263
390 97
333 228
477 79
323 279
206 172
365 286
192 246
337 272
116 271
366 187
35 250
204 205
439 54
224 281
82 268
14 228
283 280
413 60
375 155
265 252
460 49
392 74
392 140
217 262
338 199
66 311
415 50
410 94
353 194
450 24
218 194
177 270
162 299
417 123
167 316
341 262
290 302
317 269
371 277
312 284
375 144
148 307
149 270
253 238
472 102
152 320
301 304
34 219
417 106
19 209
163 213
338 247
402 273
365 158
476 136
396 121
265 272
158 310
180 255
379 125
392 63
129 299
44 310
354 279
350 183
81 281
372 171
108 254
271 261
387 173
447 34
328 265
21 290
301 285
98 250
4 232
235 281
441 44
425 54
403 41
20 253
325 253
379 269
384 116
34 235
472 88
34 308
356 228
55 309
470 51
394 284
413 84
180 292
449 245
124 279
241 242
398 52
3 276
399 152
17 271
379 104
192 258
186 346
10 294
454 61
347 253
209 250
385 160
326 300
347 211
410 206
364 177
441 216
325 217
331 287
419 71
227 291
393 203
380 93
311 296
347 239
175 346
138 305
267 295
477 118
440 193
408 75
460 102
275 343
136 274
373 133
365 244
441 229
250 297
309 257
107 355
342 383
255 263
295 325
206 282
469 70
364 138
388 87
116 299
76 255
409 239
314 314
204 119
343 284
294 254
281 310
201 264
197 214
457 134
135 263
384 291
246 310
357 118
255 353
221 182
445 95
190 125
139 284
226 163
185 281
29 283
359 166
356 206
90 359
177 215
459 90
368 204
245 288
354 371
9 250
97 262
455 194
197 186
178 154
191 206
172 183
468 149
11 340
205 296
320 233
432 185
476 187
179 169
476 60
166 137
205 192
434 108
423 115
184 368
228 316
296 274
408 112
138 318
270 281
428 265
211 158
337 363
288 266
165 624
170 238
312 324
378 259
178 225
23 221
26 301
407 249
212 310
164 224
199 89
126 330
451 111
47 622
351 149
225 147
399 234
79 307
24 238
146 548
375 361
69 285
218 273
191 167
277 299
167 266
392 370
214 291
130 312
386 213
348 170
223 216
240 300
327 370
269 307
202 364
317 362
102 298
96 610
408 224
384 234
429 76
258 312
111 372
373 371
340 160
5 212
458 75
2 416
73 295
357 558
246 364
233 234
467 113
49 285
216 113
100 272
195 114
206 222
309 183
367 223
151 172
32 267
150 397
387 192
409 378
209 104
397 382
458 208
262 369
368 103
399 185
91 286
170 98
347 362
168 169
304 316
213 523
183 114
173 195
118 255
156 161
414 275
222 96
181 203
398 427
156 183
224 547
477 233
401 87
98 372
113 313
178 314
184 182
370 235
225 122
214 147
202 388
360 455
326 149
445 203
386 148
70 247
2 317
314 192
406 260
