477 2
213 237
2 2
289 247
330 250
139 274
236 202
314 311
430 64
152 276
466 69
139 274
244 242
225 269
257 259
404 178
150 242
273 280
359 195
453 64
273 280
400 145
330 250
477 63
330 250
244 144
402 297
152 276
330 250
131 226
332 223
3 262
193 198
407 51
230 328
110 278
3 262
289 247
430 64
342 124
244 242
466 69
407 51
404 178
264 267
326 232
62 279
444 56
430 64
402 188
444 56
247 165
146 253
128 266
421 153
152 276
330 250
263 288
353 270
402 297
330 250
404 178
126 318
152 276
273 280
475 92
152 276
273 280
12 255
454 88
12 255
129 187
330 250
449 282
340 195
456 135
419 133
296 238
110 306
146 253
342 124
407 51
91 279
62 279
330 250
332 223
110 278
404 178
131 226
298 291
340 178
407 51
300 227
32 325
298 311
62 279
3 262
278 297
441 88
416 58
397 69
13 299
303 254
360 280
400 145
46 270
466 69
13 270
332 223
18 280
465 95
360 280
397 79
152 276
445 231
78 296
244 242
407 51
3 295
419 133
6 307
397 69
173 241
224 340
35 310
477 104
360 280
244 242
402 188
314 311
330 250
403 210
355 169
437 223
326 232
341 272
444 56
230 328
437 213
397 69
273 323
332 223
189 304
126 318
286 339
477 162
442 181
397 69
456 135
286 339
152 276
400 145
332 223
445 231
236 273
296 238
141 372
293 385
213 237
324 330
202 297
456 105
340 178
407 51
84 331
78 296
437 223
324 354
200 83
311 263
326 232
324 330
245 254
180 218
421 153
152 276
402 297
264 267
340 159
267 396
237 179
456 135
143 136
114 320
247 165
200 273
25 304
350 137
402 188
91 370
131 226
454 88
332 223
245 310
361 389
13 270
121 304
453 241
206 191
164 199
159 209
153 137
442 181
13 299
224 340
307 241
437 213
432 197
153 137
466 69
190 127
195 214
477 104
440 137
206 324
258 307
298 311
411 150
152 276
311 263
460 281
227 184
295 362
321 242
154 638
123 234
293 326
341 272
139 235
71 235
13 270
402 297
173 280
139 235
193 42
88 307
456 135
2 637
360 184
227 184
404 256
35 310
13 270
161 567
414 350
35 310
245 254
215 199
275 336
139 274
427 403
263 288
139 274
427 211
340 178
195 214
228 299
295 362
243 336
224 340
338 401
80 264
102 581
453 241
404 256
466 69
286 339
100 396
397 389
340 159
12 255
453 64
3 419
121 304
329 581
295 362
274 240
475 92
35 281
200 83
132 286
236 137
244 242
301 205
404 256
180 160
25 304
145 394
402 188
424 358
236 137
381 343
430 187
272 347
351 115
402 188
70 287
191 57
338 401
129 187
275 336
172 505
205 130
139 169
131 226
179 197
402 297
238 113
175 178
427 403
129 187
188 577
477 184
419 133
55 381
67 323
152 276
195 214
359 207
239 127
227 184
209 360
402 431
305 118
443 201
402 188
78 296
18 280
302 166
402 297
