2 2
477 2
133 132
45 85
105 100
88 118
17 142
71 94
127 108
3 72
46 147
50 152
97 134
148 115
153 169
185 128
232 146
329 181
195 134
218 140
211 139
333 183
178 129
240 149
202 134
246 151
226 144
231 165
266 158
259 156
476 193
305 171
289 167
407 214
282 209
294 168
337 184
270 177
97 161
145 138
283 164
314 175
258 174
309 175
319 178
76 160
258 202
282 181
324 179
299 170
258 231
293 185
240 235
470 226
304 189
314 192
459 262
226 259
241 260
237 226
267 262
255 260
279 264
276 207
476 229
280 320
291 326
255 321
292 333
