477 2
2 2
433 179
456 184
3 277
108 157
124 134
108 157
434 302
438 169
47 147
376 275
477 256
87 161
128 159
47 147
108 157
476 189
423 304
8 179
46 159
293 270
293 243
46 159
476 189
124 134
295 253
236 165
87 161
361 252
71 147
60 167
341 249
15 119
330 250
71 147
44 243
124 134
44 223
235 209
22 177
8 190
37 208
341 249
341 249
162 127
423 276
172 172
71 147
361 252
280 216
128 159
341 283
71 147
257 183
37 208
371 374
71 147
453 258
376 250
239 177
72 161
46 159
328 313
289 285
124 134
44 223
118 158
330 250
371 374
124 134
161 154
95 345
417 629
153 200
124 134
158 329
439 280
434 302
333 297
297 312
52 261
45 183
424 294
121 205
257 279
169 344
191 234
394 264
434 302
56 187
340 306
351 254
440 234
7 105
109 176
135 376
439 280
68 220
153 200
168 286
132 181
257 279
196 187
168 286
351 254
207 164
88 248
472 532
60 240
257 183
132 181
162 127
375 297
161 144
384 269
134 149
55 334
134 149
70 320
183 197
143 265
415 161
191 234
162 127
29 146
158 329
451 286
450 229
187 165
224 208
466 298
161 154
293 243
436 214
171 226
440 293
371 374
426 216
181 233
432 315
95 345
371 374
154 166
192 204
253 208
261 315
200 287
287 303
211 178
200 174
195 278
108 157
134 149
205 229
183 197
303 273
124 134
239 177
118 158
192 204
439 280
161 154
187 165
183 277
154 166
333 297
351 254
55 334
168 286
224 208
154 166
297 312
207 164
239 177
280 216
128 357
273 341
384 269
219 184
161 154
107 322
253 208
183 197
408 306
99 165
124 134
161 154
440 293
162 127
211 178
187 165
261 315
44 243
141 206
438 268
171 226
169 344
68 220
417 629
438 268
168 286
236 165
236 165
293 270
371 374
253 208
394 264
463 269
226 166
70 261
118 158
272 296
123 345
264 208
293 243
66 251
333 297
44 243
106 345
386 332
121 205
161 154
151 190
66 251
184 330
287 303
269 284
162 127
118 158
280 216
281 246
103 236
1 155
99 165
64 275
423 304
437 122
44 243
4 325
200 287
97 261
434 302
219 184
180 609
118 158
68 220
269 249
454 196
424 294
309 288
121 205
443 345
261 315
444 200
146 345
405 210
239 177
477 256
236 165
438 268
211 178
293 270
226 166
281 246
454 196
454 196
405 210
273 341
123 345
88 248
66 251
293 270
303 273
361 252
235 209
64 275
264 208
147 291
209 293
477 420
132 216
72 161
37 208
376 250
183 197
121 205
144 244
82 207
463 367
478 221
64 275
162 127
192 204
209 277
207 164
128 357
70 320
103 312
135 376
420 102
301 618
141 206
209 293
440 293
125 281
8 190
371 374
205 229
351 254
328 313
45 313
333 265
438 268
66 251
181 233
61 197
386 332
203 206
362 300
333 265
405 210
28 113
192 204
386 332
341 283
328 284
239 177
277 274
207 164
239 177
82 594
354 268
454 196
445 371
68 220
146 345
257 183
257 183
384 269
144 244
453 258
97 261
132 181
181 233
207 164
283 235
85 260
159 249
134 227
106 362
74 338
315 316
172 297
66 251
471 229
132 216
371 374
170 334
351 254
463 367
463 269
368 261
48 210
124 134
460 123
297 312
162 127
52 261
214 206
2 409
97 261
37 208
2 409
55 334
161 154
107 322
169 344
333 265
147 291
269 249
293 270
108 157
432 194
294 470
287 303
107 322
293 270
192 204
289 285
192 204
