477 2
2 2
469 143
35 114
272 153
15 102
81 97
267 123
5 110
470 169
355 169
454 170
454 156
415 162
408 172
429 177
373 163
300 155
208 115
268 239
97 278
3 120
377 174
149 85
472 192
398 173
470 159
277 222
2 133
301 133
278 125
249 236
241 121
202 229
204 141
168 189
42 122
18 121
236 137
142 178
161 134
470 208
181 232
205 210
248 160
391 250
302 237
189 243
172 110
328 166
94 165
360 183
475 235
215 144
80 108
171 133
145 100
390 165
291 164
148 131
477 300
87 177
219 113
293 322
283 172
160 249
332 222
316 174
291 205
184 110
93 112
222 154
477 314
311 259
336 181
316 206
337 205
332 237
191 292
191 333
29 122
282 330
248 174
141 188
187 156
183 144
250 148
291 240
476 257
378 245
190 183
195 264
79 192
275 195
319 249
267 342
119 222
81 155
268 331
10 334
186 205
305 195
343 213
39 200
161 103
477 401
152 178
477 276
275 206
152 153
27 260
390 214
205 177
293 282
303 169
204 193
173 284
339 246
302 276
23 93
472 218
94 91
256 279
465 230
147 143
253 338
196 110
261 154
267 228
197 202
11 183
116 211
231 349
18 175
231 128
327 268
254 194
266 281
312 283
226 187
367 219
369 145
172 173
321 312
175 208
94 189
345 140
278 281
407 210
251 312
349 202
2 633
1 191
279 243
339 286
294 226
304 322
150 247
93 102
224 228
67 247
41 180
241 332
246 286
270 262
321 134
266 299
31 308
336 261
190 321
36 272
212 159
276 163
141 157
195 93
30 103
41 281
12 224
320 225
124 233
39 213
43 143
252 299
59 238
240 322
227 170
7 323
365 172
209 281
150 198
15 212
291 194
432 396
443 171
230 278
286 305
235 253
189 256
308 216
197 160
454 189
186 281
290 343
292 257
248 349
325 193
8 305
42 165
229 115
257 268
2 608
206 101
305 248
278 137
342 166
320 300
310 299
255 257
235 589
220 268
197 304
219 208
54 229
237 169
324 326
25 272
48 259
424 272
324 283
357 159
178 242
141 213
237 218
300 181
82 125
33 87
14 145
416 220
75 207
246 395
64 229
22 283
301 265
257 224
430 553
173 148
261 170
108 187
33 233
2 344
224 247
92 125
375 191
231 203
318 394
459 206
177 261
54 248
247 221
165 212
200 614
477 361
223 137
175 224
28 205
352 189
39 250
135 64
13 157
31 184
213 200
251 323
363 257
220 348
410 185
39 301
236 229
288 132
271 321
230 300
293 122
442 265
363 274
1 233
13 131
477 426
59 258
261 354
143 279
245 273
461 270
241 300
46 111
78 270
44 237
446 251
99 309
424 196
230 313
30 360
340 271
44 223
256 205
340 318
339 328
107 198
316 164
462 248
68 582
31 288
2 170
29 322
1 245
91 150
320 235
392 236
278 299
302 396
87 228
378 215
23 637
354 282
292 215
59 268
23 295
69 219
25 242
176 197
231 149
98 205
132 246
242 198
393 203
327 213
394 301
280 347
17 234
162 151
140 200
221 178
245 247
143 58
50 309
400 257
425 388
60 328
277 396
278 233
280 259
36 135
247 385
435 191
283 366
348 241
326 363
345 229
362 238
394 276
414 391
96 258
245 261
404 196
443 197
