2 2
86 219
56 187
150 255
212 5
26 196
198 64
3 125
154 138
164 112
86 219
178 28
181 206
357 163
56 187
357 163
198 64
181 206
357 163
2 232
172 299
33 155
429 81
236 299
429 81
435 219
233 280
389 72
389 72
320 123
250 41
218 105
310 55
477 361
477 361
389 72
104 248
346 126
478 432
33 283
478 432
251 164
273 47
389 72
217 31
289 27
386 51
158 128
477 2
477 67
345 266
350 611
405 306
172 299
2 365
242 81
115 238
417 113
291 299
477 50
355 174
345 266
273 180
328 265
54 224
306 222
419 145
217 146
263 46
409 265
409 265
204 277
22 304
405 306
162 68
261 221
235 220
217 237
255 597
83 299
320 123
260 284
396 148
329 96
477 2
451 42
356 149
422 266
405 306
260 284
322 58
451 42
355 174
164 112
232 177
477 67
260 284
433 195
391 134
279 273
2 303
291 299
218 273
2 232
198 3
315 256
411 637
329 160
104 248
162 298
36 323
232 177
258 180
313 271
204 277
181 206
262 152
430 36
417 303
309 93
389 295
249 194
477 258
182 218
471 158
328 265
196 165
159 288
261 221
187 181
217 146
389 107
218 206
204 277
86 219
22 304
319 290
451 288
198 64
177 113
366 226
451 288
43 255
345 98
150 255
197 195
83 299
33 304
463 44
161 278
217 146
278 200
198 64
42 266
389 295
309 158
150 255
403 275
177 113
355 174
218 273
309 158
150 255
478 432
341 243
294 321
221 91
407 111
322 58
379 311
416 91
291 299
379 311
182 218
407 111
31 231
187 181
2 353
259 263
217 146
17 228
114 178
332 185
71 297
192 248
43 307
42 266
477 361
411 205
256 245
172 299
75 213
396 263
187 181
472 249
435 219
338 58
338 230
260 284
343 293
462 164
172 299
197 195
177 113
327 247
281 223
478 432
330 222
126 249
434 229
43 255
328 265
389 72
396 263
218 273
150 255
389 295
31 231
116 258
330 222
433 195
249 194
319 290
2 353
150 255
295 596
260 284
120 300
404 75
14 254
250 41
477 2
262 152
228 78
425 162
332 185
116 258
120 300
218 273
251 164
279 273
403 275
235 220
386 51
131 265
159 288
187 181
2 272
187 181
309 93
159 623
242 81
251 164
221 91
235 220
313 271
181 206
280 261
218 273
403 275
309 93
43 307
249 194
411 205
13 195
188 282
283 249
477 258
260 284
172 299
14 254
396 148
408 289
