477 2
421 75
373 55
373 55
421 75
477 2
373 55
350 3
292 88
292 88
230 136
315 160
315 160
338 109
89 162
101 128
230 136
210 209
315 160
220 184
338 109
338 3
231 159
213 100
206 221
201 98
474 436
2 2
104 217
14 179
230 136
210 185
136 97
256 194
426 64
4 150
338 109
206 221
5 92
218 157
230 136
146 103
145 80
74 122
4 403
426 64
201 98
2 2
4 468
434 47
421 75
345 76
475 398
213 100
135 76
64 57
338 109
350 159
345 76
418 136
246 59
428 133
247 312
10 40
4 78
418 136
345 76
418 136
350 159
90 127
135 76
426 64
4 403
400 182
338 109
113 53
390 141
196 52
38 1
122 6
345 76
196 52
40 278
185 33
149 268
2 244
149 268
52 171
155 165
342 286
64 121
35 169
95 615
300 201
373 149
174 199
353 221
206 231
149 268
365 195
312 278
373 149
476 316
428 133
289 278
269 264
381 283
247 312
86 268
475 113
144 308
352 286
2 177
141 156
177 44
390 141
346 274
299 48
223 276
256 111
86 268
242 69
310 45
309 61
426 64
319 566
399 306
310 45
86 268
270 248
144 308
74 96
39 294
69 267
287 189
9 582
29 132
28 297
256 111
390 141
477 305
289 278
390 141
408 285
98 176
117 24
390 141
424 279
47 324
270 224
170 145
304 14
2 177
211 275
15 109
187 69
121 47
14 223
53 272
166 312
69 267
270 224
150 176
159 257
218 157
352 286
315 160
129 297
345 76
98 176
223 276
165 611
187 69
4 349
134 312
67 249
77 28
428 133
289 278
418 136
426 64
294 107
59 292
477 283
200 460
277 279
424 279
244 603
22 45
67 174
428 133
426 64
137 265
319 566
466 423
385 491
365 195
129 297
187 69
223 288
4 78
121 47
131 155
462 489
411 454
44 18
58 196
330 257
14 150
277 279
113 53
367 276
165 165
155 165
390 141
28 297
309 113
247 312
10 288
119 314
87 305
2 254
141 156
300 201
270 224
269 264
424 279
424 91
17 637
199 130
143 280
315 160
52 157
371 451
434 47
172 252
163 201
159 257
373 55
28 297
329 622
69 267
55 258
300 246
36 106
215 244
346 274
289 278
399 306
28 297
371 451
58 196
438 510
38 249
297 433
137 265
400 589
269 312
351 87
132 56
245 517
223 276
477 305
400 589
219 199
101 194
352 286
394 435
353 221
131 155
152 208
17 81
255 162
2 233
255 145
328 184
310 32
408 285
314 128
372 495
149 291
77 28
331 245
143 280
150 176
348 105
22 249
245 517
58 196
212 132
400 589
362 598
477 283
19 202
152 208
165 165
236 480
117 184
334 425
365 195
330 257
472 273
315 160
352 286
69 267
270 169
236 265
314 128
428 599
52 171
64 305
158 115
440 571
108 481
2 338
236 202
232 148
137 265
23 2
307 258
319 566
393 468
476 316
477 637
223 288
29 132
312 278
58 196
153 490
398 607
120 122
59 292
277 279
4 78
381 283
199 196
17 319
190 614
428 599
137 466
141 156
400 182
223 276
385 491
476 316
89 191
284 215
2 600
350 159
210 548
300 201
393 468
294 311
287 189
256 496
472 273
117 184
362 598
330 257
144 406
165 165
168 98
67 203
196 420
117 184
329 622
200 460
134 312
15 270
465 459
411 439
53 272
365 303
458 470
270 224
387 577
263 180
297 433
86 211
413 481
141 156
128 601
381 283
266 277
408 285
440 571
2 338
388 401
143 280
199 196
462 489
3 452
381 283
380 434
352 286
144 308
228 314
300 201
315 160
58 196
475 113
334 425
285 424
10 288
373 149
255 162
348 105
250 466
399 306
55 258
39 294
231 106
375 409
4 436
386 81
314 128
323 483
2 107
165 165
348 105
143 280
368 612
385 491
244 603
