2 2
17 140
477 2
274 249
4 150
149 169
353 130
162 151
255 203
373 128
75 171
202 168
4 107
164 173
228 167
75 155
51 156
136 151
319 149
348 152
55 226
110 135
217 203
103 221
187 133
239 132
25 222
280 124
374 118
50 169
202 154
394 96
22 233
282 151
123 171
54 209
99 157
440 124
267 147
264 170
294 132
319 131
176 155
213 133
66 251
147 151
123 152
292 150
276 214
28 172
82 206
282 166
308 164
308 153
51 343
248 214
81 231
229 152
267 131
162 135
252 168
46 220
176 167
333 149
429 90
135 135
66 206
29 208
62 138
274 201
102 206
65 233
27 157
99 167
251 150
96 130
19 209
289 215
392 110
87 137
300 203
287 225
150 128
92 208
229 126
38 141
278 232
335 163
47 133
309 125
71 132
120 130
93 227
202 127
3 258
249 130
240 194
172 128
220 244
446 152
336 125
24 342
61 260
27 136
291 173
86 218
357 146
383 139
107 176
357 161
123 366
412 96
284 204
212 150
150 140
295 233
25 357
18 255
131 209
345 137
112 364
477 128
85 153
53 282
123 142
303 173
429 143
186 151
114 622
377 185
363 128
108 150
202 137
117 277
318 202
238 147
439 381
381 364
265 244
162 229
97 145
170 292
320 175
173 141
237 174
159 205
122 334
331 175
178 206
402 167
430 163
410 154
308 135
206 195
212 169
384 120
467 174
196 205
461 111
472 183
429 114
276 141
392 156
374 266
178 230
368 155
26 248
126 230
135 219
99 277
79 275
411 174
128 198
134 176
224 142
22 330
448 195
402 143
380 171
191 179
116 264
414 188
448 182
84 300
157 301
206 179
92 255
409 134
168 219
380 157
449 138
387 353
394 120
58 175
17 284
426 338
370 174
17 179
316 278
62 277
25 146
404 232
335 135
409 123
441 257
455 102
405 210
439 200
205 215
397 364
304 342
454 335
377 108
408 200
418 161
343 169
298 278
196 278
50 361
238 217
426 183
392 144
84 177
284 135
145 202
157 190
400 177
26 277
420 150
131 300
475 165
12 263
87 285
138 277
427 198
237 230
37 249
276 260
155 277
257 234
8 299
431 153
424 124
172 278
448 112
331 201
318 230
352 372
53 248
463 157
434 175
97 334
323 241
50 237
345 197
118 348
364 112
2 83
115 204
136 335
64 295
175 336
200 229
155 335
176 186
49 259
407 619
275 277
139 230
406 558
254 139
279 334
298 245
258 187
84 249
409 350
41 178
253 365
428 354
464 355
357 172
150 223
335 262
348 357
325 165
90 364
301 215
248 188
321 252
280 188
141 190
215 213
101 236
1 135
397 354
242 271
309 183
114 217
343 207
103 249
2 376
467 292
394 134
117 305
177 247
14 224
27 299
477 337
437 188
144 214
237 205
383 507
35 293
392 382
454 165
454 127
298 261
361 200
43 301
1 275
254 324
358 255
441 369
353 279
374 354
118 236
318 215
69 331
211 305
421 228
7 233
196 288
254 275
196 301
209 240
362 306
462 201
119 324
192 350
114 248
177 261
216 193
283 374
477 412
328 284
134 288
178 216
440 228
77 290
418 86
247 230
343 254
334 187
7 286
348 337
30 198
412 365
284 247
451 210
353 189
194 335
206 278
363 361
80 260
20 114
17 305
348 347
477 390
329 211
66 637
210 224
46 334
464 345
338 304
290 184
388 206
395 279
94 300
13 96
158 291
353 327
79 334
431 133
2 219
14 245
30 258
125 245
391 191
379 308
459 182
113 339
418 278
355 222
138 260
401 246
216 351
372 141
216 277
424 213
467 380
318 306
253 354
34 229
263 215
89 237
321 191
272 178
367 217
225 186
61 363
395 268
434 316
412 335
194 258
100 261
36 239
477 310
73 364
14 358
240 258
477 254
75 351
366 188
65 351
312 242
11 275
43 277
196 247
420 135
454 361
2 307
249 244
380 286
380 385
156 260
444 306
292 340
250 257
310 330
236 247
432 245
