2 2
477 2
8 166
28 168
456 181
40 186
38 191
36 197
152 199
160 200
164 200
171 201
179 201
175 202
196 202
200 203
214 204
254 206
227 207
246 207
458 207
231 208
236 208
35 209
80 209
261 211
267 214
277 216
281 218
290 218
50 226
290 226
289 232
275 233
102 236
268 236
107 237
290 237
297 239
290 241
41 244
290 246
133 253
444 253
349 254
359 254
282 258
335 259
50 260
355 261
373 266
142 269
438 269
336 270
341 271
137 272
377 274
141 277
265 279
126 280
284 280
327 282
155 284
136 286
405 292
277 296
272 297
146 299
54 302
148 307
333 308
310 309
295 311
305 312
53 313
59 313
320 313
326 313
48 315
44 324
153 324
40 329
158 330
53 331
168 335
147 336
168 340
167 344
3 387
