2 2
477 2
411 46
410 52
446 58
476 65
475 94
456 90
440 89
404 85
428 75
476 89
418 84
405 129
474 111
345 102
343 109
398 81
408 133
409 151
474 149
461 84
349 117
441 133
445 136
349 104
401 171
404 179
468 136
346 177
411 177
404 184
348 189
424 181
434 172
223 169
302 208
426 234
219 167
4 262
358 285
358 276
127 290
139 274
22 289
68 273
45 301
132 287
448 283
25 302
401 271
129 280
412 250
434 303
33 311
21 280
9 263
128 284
105 286
274 335
80 263
41 304
16 288
75 272
25 283
78 268
273 345
15 283
3 375
