2 2
123 210
284 179
154 247
39 206
409 167
280 236
465 2
15 188
15 188
231 243
280 236
161 208
395 192
15 188
108 209
395 192
123 210
253 205
108 209
161 208
270 137
123 210
276 205
410 242
478 76
458 131
417 132
458 131
123 210
423 115
478 76
317 195
39 206
74 208
284 179
317 195
123 210
478 76
232 186
295 166
39 206
232 186
422 71
477 250
477 26
5 200
2 276
5 200
80 229
27 242
5 200
2 183
48 200
443 210
423 115
74 208
452 2
27 242
108 209
435 306
46 234
343 250
445 222
186 306
46 234
439 147
376 234
140 337
477 264
435 306
2 183
2 183
81 250
51 284
415 143
443 210
458 131
452 2
458 131
48 200
443 210
64 204
41 355
80 229
51 284
458 131
343 250
140 337
7 313
167 334
444 285
128 219
417 132
221 249
458 131
415 143
140 337
415 143
347 274
108 209
47 274
458 131
387 254
48 200
276 205
64 204
46 234
415 261
140 350
252 260
445 222
2 227
444 285
443 210
48 200
216 308
99 240
41 355
59 263
435 306
41 355
33 269
81 250
74 208
81 250
377 264
372 182
122 322
207 297
201 239
59 263
7 313
423 284
123 210
41 355
443 210
306 314
443 210
47 274
24 280
47 274
41 355
38 283
59 263
173 269
47 274
465 2
4 262
2 295
231 243
400 254
80 229
415 261
7 313
142 300
59 263
132 241
130 335
93 223
476 402
435 72
372 182
24 280
48 200
426 7
186 306
4 262
443 210
347 274
445 222
1 373
415 143
112 260
51 284
81 250
393 204
410 242
291 196
265 213
98 275
81 250
419 234
445 222
276 205
212 223
24 280
241 258
257 308
252 260
163 233
467 282
445 222
465 2
381 278
1 373
168 250
295 216
112 260
429 245
81 250
306 314
299 329
280 236
