469 2
2 2
409 211
409 211
302 215
279 198
444 229
279 198
302 215
409 211
228 195
260 180
358 214
349 209
383 214
260 180
349 209
423 212
246 222
246 193
246 193
246 193
246 193
279 248
246 193
276 182
302 215
469 252
246 193
246 193
271 212
247 182
324 212
260 180
228 195
246 193
326 242
310 207
383 214
279 248
137 201
37 161
114 192
216 190
114 192
67 174
260 180
260 180
473 274
276 294
310 207
296 276
114 192
247 182
137 201
14 211
3 147
96 185
38 189
41 231
246 193
266 192
246 193
315 290
329 203
246 193
96 185
3 147
356 281
356 281
112 205
68 185
86 182
3 147
25 175
68 185
332 285
383 214
214 230
247 182
61 235
16 153
269 303
279 248
258 310
46 166
279 248
214 230
96 185
258 310
279 248
269 303
246 193
57 262
15 326
38 189
276 294
82 194
86 182
300 232
258 310
360 229
300 232
276 294
469 252
269 303
246 193
383 214
81 222
444 229
258 310
258 310
360 229
258 310
247 182
343 236
451 276
300 232
258 310
258 310
151 220
61 235
258 310
192 254
3 147
269 303
276 294
258 310
279 248
246 193
318 251
453 201
318 251
246 193
258 310
315 290
246 193
16 153
96 185
67 174
332 285
91 220
89 315
279 248
81 222
201 213
216 190
214 230
214 230
37 161
258 310
67 174
47 305
299 199
383 214
258 310
46 166
86 182
68 185
269 303
332 285
29 294
375 266
360 229
269 303
2 226
269 303
82 194
375 266
214 230
343 236
46 166
192 254
14 170
48 293
214 230
296 276
141 258
296 276
343 236
57 262
82 194
19 282
28 224
451 312
192 254
269 303
451 312
19 282
57 169
417 252
258 310
390 225
356 281
171 225
472 302
14 256
2 175
258 310
417 252
315 290
73 287
360 229
258 310
269 303
258 310
26 214
258 310
300 232
375 266
383 214
426 238
296 276
279 198
91 220
329 203
67 174
201 213
114 192
46 166
299 199
318 251
48 293
96 185
37 249
29 294
