2 2
151 220
246 193
171 225
57 169
423 212
279 198
469 2
3 147
27 157
228 195
302 215
186 222
409 211
16 153
78 176
358 214
137 201
216 190
114 192
206 223
260 180
86 182
324 212
423 202
467 41
437 114
429 129
448 105
126 196
436 102
462 62
349 209
37 161
67 174
247 182
299 199
147 205
466 115
201 213
310 207
46 166
276 182
442 66
477 242
455 13
25 175
2 226
36 179
56 186
13 226
46 182
2 195
38 189
475 187
443 94
56 209
457 48
36 202
96 185
473 274
12 198
329 203
473 263
195 265
24 201
471 166
375 266
115 324
477 226
473 291
2 175
2 209
69 215
63 316
453 141
431 163
466 127
460 33
471 177
14 180
476 206
26 214
41 339
82 194
89 315
446 83
339 204
111 311
28 325
120 339
451 276
91 220
453 156
245 289
439 136
439 124
124 304
431 153
356 281
101 225
52 314
469 102
343 236
14 211
289 199
37 217
47 261
390 225
102 340
296 276
467 194
41 231
472 302
453 201
28 224
262 293
97 200
16 339
47 305
451 312
46 326
63 301
37 259
66 196
37 249
369 215
383 214
127 348
158 297
192 254
47 219
31 337
465 281
81 222
73 380
432 254
332 285
469 252
4 277
18 314
29 314
66 328
27 270
14 256
145 304
61 235
468 13
19 282
15 269
214 230
360 229
112 205
417 252
30 283
130 313
48 293
111 222
106 297
122 209
477 419
473 91
337 216
6 314
68 185
470 24
147 315
42 284
440 194
315 290
454 211
10 348
428 179
73 287
81 299
38 271
426 238
444 229
271 212
300 232
141 258
58 273
440 279
454 180
266 192
246 222
29 294
279 248
258 310
265 283
129 257
468 237
442 263
450 23
341 253
15 326
123 271
326 242
97 286
461 262
57 262
269 303
276 294
318 251
