2 2
39 206
15 188
161 208
213 2
64 204
203 63
4 171
171 128
176 100
88 205
183 67
212 237
391 173
34 192
379 173
202 17
211 185
401 173
5 200
187 270
48 200
437 101
207 278
400 98
395 192
208 265
388 98
370 97
326 95
290 15
253 90
293 92
477 367
476 402
403 27
112 260
369 170
477 439
2 295
477 454
295 166
283 91
411 98
251 10
328 16
367 22
190 102
437 31
477 26
306 262
362 624
382 309
186 306
2 388
210 45
98 275
415 143
334 303
477 2
393 204
343 250
312 169
319 303
80 229
317 216
420 190
203 117
270 91
415 261
399 299
207 297
33 269
396 264
177 114
299 205
203 191
201 255
272 623
68 278
327 171
257 308
409 167
324 63
465 2
478 76
400 143
396 244
435 306
248 300
310 93
452 2
386 142
166 151
259 164
435 72
252 260
441 172
423 100
277 262
2 276
267 336
247 245
2 183
200 50
296 290
431 637
285 137
93 223
202 327
51 284
270 168
283 168
328 240
221 249
168 250
270 137
399 69
410 302
312 63
387 254
212 223
477 250
178 258
425 175
296 263
232 186
142 300
245 178
215 174
254 136
371 141
178 190
240 279
74 208
11 287
306 314
462 251
187 82
191 155
377 244
467 282
38 283
382 67
163 233
208 165
122 322
24 280
422 71
198 283
203 129
301 174
202 34
73 238
423 284
295 137
128 219
410 242
192 73
383 201
231 243
313 138
154 247
477 422
376 234
299 329
182 91
428 144
309 19
366 302
423 115
295 313
345 305
212 202
439 147
49 261
181 225
7 313
280 236
178 137
55 244
81 195
327 141
47 274
173 269
41 355
4 262
477 357
445 222
288 243
216 308
81 250
400 222
224 194
429 245
443 210
370 70
295 216
261 236
347 274
428 129
175 279
201 239
191 139
317 271
284 179
477 464
327 218
99 240
442 243
73 262
377 264
384 25
419 234
236 302
191 249
365 254
40 251
108 209
317 195
475 186
230 170
285 320
1 373
132 241
319 632
304 273
130 335
421 29
46 234
212 24
477 12
269 187
259 59
458 131
365 196
123 210
117 339
217 273
253 205
238 292
381 278
276 205
394 5
151 230
167 334
196 214
2 227
166 175
272 60
207 626
285 61
216 136
216 77
262 249
285 289
190 199
241 258
180 244
444 285
295 61
59 263
291 196
372 182
37 224
196 307
265 213
477 264
232 271
140 337
27 242
417 132
400 254
