477 2
2 2
434 229
414 225
289 167
278 163
477 192
266 159
339 185
450 226
240 150
254 153
375 200
388 202
401 208
226 144
363 193
470 226
264 176
241 236
266 233
238 226
252 229
277 234
240 177
316 173
328 182
465 216
267 204
237 166
309 192
267 188
319 216
305 169
196 168
222 160
319 195
300 198
409 214
299 210
160 158
13 142
152 169
211 168
98 162
94 135
255 200
212 189
460 270
293 335
279 210
253 301
117 143
208 155
172 174
7 230
3 108
122 167
36 155
74 204
226 194
309 215
240 212
326 322
332 222
226 173
76 161
1 138
387 310
374 317
133 244
33 193
64 154
22 148
16 186
61 165
352 320
359 230
237 197
254 183
18 213
21 114
312 311
289 222
275 345
40 143
266 217
230 259
133 160
263 345
278 220
309 332
254 215
32 233
33 316
60 198
239 311
104 171
50 152
266 259
259 288
335 198
300 256
229 307
457 259
302 278
223 221
348 227
80 241
478 214
250 347
282 320
352 204
246 288
212 216
304 239
421 310
278 264
245 320
258 320
141 172
73 226
232 287
205 227
3 151
291 277
269 285
271 320
300 224
210 206
304 267
478 233
314 269
226 209
294 320
281 285
227 236
37 111
53 172
67 126
329 334
133 209
42 321
310 226
42 229
185 169
213 234
255 257
258 241
61 118
230 321
47 186
33 276
292 232
369 233
294 290
77 174
46 162
87 207
268 275
327 307
53 257
336 294
380 213
280 331
2 213
312 299
73 215
370 303
244 260
322 279
23 162
214 295
21 126
5 273
195 186
305 290
120 240
315 240
363 208
61 306
80 196
53 276
14 176
411 332
227 272
290 300
411 320
22 235
101 182
405 296
270 335
404 264
387 293
149 206
457 319
10 207
2 181
269 356
386 277
344 305
80 253
390 216
259 330
312 279
246 271
33 166
238 300
290 256
368 292
395 226
392 262
325 293
270 244
70 237
340 243
112 158
215 256
92 172
18 200
282 246
355 274
33 249
70 187
35 218
50 294
