2 2
477 2
147 86
88 98
92 101
86 105
5 108
35 113
91 114
3 121
20 121
42 126
146 129
149 134
181 136
185 139
228 140
352 141
215 142
237 142
223 145
356 145
218 147
245 148
184 149
250 151
275 153
185 156
303 156
280 157
475 160
306 161
328 164
414 166
294 167
333 167
353 168
292 170
141 171
173 174
331 174
356 178
301 180
333 181
362 182
88 186
273 187
280 196
327 196
308 198
291 199
319 202
200 205
469 205
344 206
319 209
476 225
201 230
270 238
191 243
267 244
280 244
293 246
306 246
476 259
274 274
278 279
268 280
307 301
