477 2
2 2
69 219
149 85
148 131
139 295
67 247
241 83
139 295
141 188
142 178
174 67
140 79
345 124
174 67
261 170
208 115
75 207
75 207
208 115
23 295
298 97
97 278
434 133
64 229
174 67
148 131
195 93
394 122
149 85
82 125
67 247
183 144
67 247
48 259
222 154
82 125
267 123
31 288
39 200
208 76
152 53
81 155
78 270
208 76
272 153
152 53
8 305
378 245
50 309
477 401
142 178
381 111
69 219
174 67
248 160
222 154
141 188
161 61
208 115
81 155
54 248
208 115
451 138
152 53
44 223
79 192
141 188
143 58
414 128
229 78
50 309
64 229
477 361
143 58
271 91
277 222
360 183
208 76
442 265
283 172
410 185
152 153
306 123
461 136
60 328
454 189
8 305
443 197
226 187
23 295
360 183
80 108
202 229
119 222
399 144
241 83
336 181
1 245
469 143
436 152
295 112
277 222
2 397
470 159
459 206
381 111
427 160
442 265
377 174
443 171
325 193
139 295
288 132
335 100
50 309
231 149
436 152
67 247
175 208
442 265
424 148
477 361
469 143
8 305
461 270
213 200
204 193
394 301
328 166
477 300
151 349
400 257
241 83
400 257
477 300
369 145
291 164
477 361
175 208
400 257
143 279
410 185
363 274
305 195
293 322
424 148
470 208
394 301
442 265
30 360
99 362
443 197
97 387
454 156
142 355
459 206
30 360
275 206
470 159
50 309
139 295
64 229
424 272
470 169
470 208
470 208
461 270
432 396
408 172
291 164
74 400
139 295
293 322
116 211
245 247
165 212
206 101
427 160
399 144
226 187
267 342
215 144
60 328
142 254
139 295
462 248
108 187
477 637
282 330
133 387
195 93
282 330
257 224
48 259
231 128
316 206
260 86
189 243
394 301
195 93
293 322
106 337
391 136
330 126
173 148
215 144
161 61
213 200
189 243
410 185
139 295
294 226
291 205
191 292
270 262
142 355
245 261
247 385
399 144
245 247
394 276
145 100
375 137
74 400
50 309
141 188
221 178
293 322
139 295
459 206
293 322
228 100
209 281
283 172
381 111
230 300
470 159
69 219
266 281
141 188
222 154
321 312
380 399
235 253
97 278
442 265
99 362
236 229
310 299
477 361
248 174
291 240
316 206
469 143
459 206
241 83
69 219
190 183
220 268
168 189
305 248
477 300
133 387
477 338
425 125
197 202
139 295
59 238
276 163
242 198
143 58
242 198
462 248
195 264
279 243
332 222
282 330
293 322
283 172
461 136
150 198
380 399
215 144
31 308
326 363
292 257
177 261
161 61
30 360
143 58
472 192
140 200
163 322
105 591
302 276
189 243
302 276
380 399
472 218
318 394
425 388
251 312
226 187
302 276
332 237
291 205
282 86
151 297
224 247
220 268
261 354
209 281
275 195
230 300
160 356
178 242
237 218
476 257
310 299
81 155
235 253
308 216
316 206
208 76
215 144
240 322
257 224
442 265
400 257
253 338
138 429
152 53
60 328
163 400
133 387
141 188
319 249
191 292
206 394
306 123
336 181
378 215
220 268
240 322
186 281
320 300
191 333
142 355
425 388
142 355
162 307
99 309
339 328
442 265
273 566
365 172
141 231
312 283
150 198
327 213
311 259
336 181
300 181
217 375
432 396
394 301
230 300
197 160
451 138
252 299
10 334
105 591
254 194
162 278
250 148
308 93
151 349
2 633
319 249
254 194
93 325
209 281
138 429
302 396
175 208
326 363
427 160
177 261
454 637
363 274
326 363
462 248
302 276
163 332
206 101
184 585
311 259
189 256
477 540
283 366
354 282
427 160
220 348
60 328
153 273
206 394
339 328
310 299
1 563
252 299
291 240
340 318
470 159
302 237
39 503
146 331
430 553
7 323
173 148
152 178
252 299
283 366
318 394
141 157
414 391
312 283
345 229
282 330
59 238
138 429
60 328
168 503
326 363
325 193
152 153
137 637
477 584
175 208
291 205
217 375
174 394
336 181
60 328
81 155
256 205
280 259
139 320
29 322
245 261
340 318
186 281
148 131
93 325
477 338
324 326
97 349
212 159
257 268
302 396
246 395
31 288
241 300
336 181
280 259
278 233
414 610
442 265
308 93
292 257
310 299
200 614
217 375
320 300
320 235
