2 2
477 2
120 113
4 115
16 118
44 121
72 122
20 124
11 126
28 126
55 128
83 129
26 142
53 143
26 146
146 152
180 156
49 158
104 164
20 166
39 166
53 167
66 167
110 180
4 189
9 194
298 196
416 199
33 200
424 200
4 201
420 201
431 201
439 201
435 202
461 203
7 206
476 206
292 209
334 212
340 212
296 213
345 213
351 213
9 215
37 226
305 227
310 230
58 237
3 238
362 238
340 239
355 240
366 240
311 241
350 241
332 243
5 247
302 248
312 248
394 255
372 256
311 258
342 259
311 263
397 274
403 279
386 282
338 287
396 288
407 302
315 305
320 305
409 309
320 311
320 316
305 326
415 326
301 331
419 332
314 334
195 337
425 337
429 337
440 338
406 340
429 342
429 347
124 350
131 351
116 361
123 361
145 361
440 368
476 372
3 373
