2 2
477 2
156 48
223 71
189 63
154 54
254 79
147 86
197 95
182 93
170 79
146 129
141 82
86 105
237 142
475 141
181 136
88 98
381 114
245 148
359 108
161 87
202 90
356 145
215 142
475 160
185 139
149 134
310 94
184 149
299 96
91 114
141 171
375 145
306 161
402 120
469 141
292 170
143 178
185 156
441 131
459 136
275 153
223 145
250 106
216 101
452 137
294 167
151 178
186 183
173 174
250 151
218 147
143 184
280 157
422 125
228 140
434 132
88 186
457 156
273 187
163 182
401 142
86 174
164 193
414 166
469 205
301 180
392 165
409 172
327 196
39 203
476 225
163 234
331 174
476 259
95 282
95 274
169 302
324 283
142 271
149 249
149 276
339 246
175 269
163 307
7 343
8 333
294 319
293 325
149 332
266 394
476 396
3 636
476 636
