2 2
477 2
196 38
210 46
147 48
163 52
216 57
188 59
203 59
175 71
139 79
149 82
137 84
134 92
230 94
475 94
153 96
133 99
345 102
229 103
349 104
152 106
161 109
343 109
212 111
474 111
162 114
149 117
349 117
158 120
295 120
137 124
158 127
405 129
301 132
408 133
441 133
262 135
143 136
224 136
445 136
468 136
233 137
258 137
219 138
228 138
476 138
257 142
133 143
215 143
141 145
239 145
253 145
118 146
245 146
445 146
250 148
474 149
116 151
409 151
249 152
144 153
446 154
112 166
127 169
401 171
434 172
346 177
411 177
404 179
348 189
86 199
463 202
149 207
302 208
465 229
77 244
86 254
139 274
358 276
111 277
129 280
128 284
358 285
132 287
127 290
33 311
48 324
274 335
273 345
111 361
275 365
473 376
2 637
477 637
