205 238
181 203
172 183
265 272
455 194
445 203
477 2
394 284
476 187
206 172
204 205
414 275
247 250
458 208
414 275
402 273
2 2
458 75
323 279
406 260
414 275
414 275
277 270
399 234
166 137
336 218
441 229
76 255
328 265
166 137
151 172
441 229
34 235
323 279
241 242
241 242
277 270
406 260
441 229
365 286
151 172
265 252
414 275
277 270
76 255
209 250
225 147
108 254
2 177
116 271
477 233
414 275
445 203
169 283
337 272
467 113
386 213
277 270
241 242
26 301
130 312
414 275
97 262
156 183
35 250
323 279
118 255
326 300
5 212
384 291
184 182
428 265
100 272
98 250
4 232
290 302
402 273
3 202
270 281
265 252
118 255
314 314
152 320
70 247
414 275
2 177
79 307
323 279
458 208
5 212
409 378
407 249
70 247
34 235
269 307
175 346
138 305
371 277
81 281
365 286
165 624
270 281
384 291
69 285
73 295
97 262
5 212
29 283
192 246
34 219
343 284
397 382
192 258
5 212
224 547
192 258
265 272
180 292
98 372
212 310
5 212
180 292
434 108
414 275
449 245
449 245
138 305
11 340
175 346
185 281
177 215
191 206
164 224
44 310
177 215
265 252
191 206
34 219
32 267
70 247
111 372
393 203
401 134
410 206
343 284
477 118
3 276
221 182
180 292
185 281
458 75
32 267
384 234
100 272
177 270
283 280
156 161
445 203
168 169
191 206
325 217
205 296
206 282
173 301
399 152
333 228
386 213
111 372
441 229
445 203
386 213
409 239
408 224
177 270
323 279
317 362
387 192
184 182
243 260
69 285
172 183
102 298
184 182
32 267
294 254
179 169
455 194
192 258
342 383
185 281
66 311
318 637
98 250
202 388
454 61
151 172
384 291
212 310
301 285
2 177
441 229
197 214
354 279
97 262
164 224
440 193
365 244
419 71
357 558
34 219
323 279
290 302
455 194
223 216
477 79
165 624
318 637
5 212
325 253
185 281
341 262
458 75
477 118
311 296
32 267
11 340
370 235
116 271
241 242
477 118
98 250
108 254
167 316
164 224
173 195
434 108
98 372
151 172
32 267
184 182
164 224
441 44
375 155
469 70
457 134
148 307
449 245
164 224
49 285
225 147
126 330
228 316
20 253
126 330
73 295
460 102
221 182
177 270
337 363
281 310
3 276
423 115
397 382
441 229
197 214
255 263
177 270
460 102
387 192
354 279
5 212
166 137
384 291
47 622
172 183
98 372
156 161
379 104
318 637
126 330
451 111
4 232
379 104
69 285
2 416
177 270
181 203
205 192
82 268
255 353
224 547
225 122
32 267
318 637
130 312
172 183
366 187
458 75
311 296
323 279
247 250
317 269
451 111
425 54
338 247
243 260
