2 2
17 143
477 2
292 210
4 123
182 154
345 163
190 160
245 194
345 163
45 144
182 154
4 123
184 192
194 148
45 144
45 144
108 169
319 171
328 179
37 210
98 158
234 198
98 197
170 100
247 125
12 226
304 166
367 159
44 158
200 164
384 134
56 248
319 171
86 150
53 164
124 155
415 162
251 145
292 210
329 151
304 166
150 186
247 125
63 280
98 158
123 173
251 145
254 228
53 164
54 223
311 199
316 150
262 139
16 373
282 183
54 211
251 145
285 165
156 148
256 215
54 211
151 196
367 159
419 133
170 100
35 198
35 198
58 126
282 183
108 169
98 246
14 181
137 175
266 114
113 113
35 198
282 183
419 133
58 126
321 237
305 229
102 122
109 181
198 114
28 143
311 263
331 167
86 117
285 165
113 113
113 113
79 203
176 91
9 255
241 137
256 192
162 125
234 198
418 190
329 151
45 327
54 211
19 119
306 187
71 189
367 176
383 160
135 136
316 150
93 329
419 133
305 229
238 115
148 173
342 226
16 373
2 223
172 233
383 160
83 344
472 175
56 143
63 280
123 173
323 203
432 175
190 160
123 632
415 162
384 134
90 185
194 148
130 276
345 210
221 142
435 372
366 364
228 240
206 249
68 135
130 276
306 187
162 181
207 148
184 192
93 329
328 223
172 233
382 203
458 204
384 134
304 150
190 160
221 142
367 159
432 175
184 192
419 133
468 211
419 133
251 169
360 168
371 226
172 233
377 184
33 241
139 198
162 181
114 306
51 274
392 217
137 244
183 182
251 169
16 373
431 226
383 160
382 203
185 202
92 256
392 217
405 200
94 300
135 303
190 160
59 237
415 162
150 186
377 184
415 162
343 347
384 134
53 164
63 280
408 308
331 167
54 211
317 316
32 274
7 163
442 233
304 150
415 162
444 279
419 133
371 226
445 202
183 182
412 340
334 342
462 288
419 133
383 160
445 202
367 159
321 237
205 301
83 344
256 215
432 175
367 159
108 169
266 114
147 153
156 227
396 206
32 274
383 160
94 300
468 211
12 226
83 334
114 306
394 194
215 256
2 223
305 229
130 276
215 256
9 255
415 162
384 134
172 233
419 133
342 226
328 254
366 364
32 274
415 162
396 206
114 306
282 268
63 280
367 159
88 371
367 159
19 119
92 169
114 306
88 275
176 366
185 202
176 366
190 160
53 303
443 603
265 281
98 246
454 549
250 182
292 345
321 237
256 215
88 275
396 357
54 211
256 376
381 347
435 372
367 159
139 198
338 311
326 324
367 176
93 329
302 246
238 233
323 203
256 192
167 163
254 228
54 223
28 143
440 341
254 228
323 160
81 253
350 249
71 259
2 397
475 314
383 160
93 329
172 233
18 242
26 338
475 314
445 202
104 215
243 221
427 489
53 303
396 357
445 202
419 133
271 254
335 236
45 327
33 241
285 301
318 285
412 340
325 270
368 336
130 276
328 254
53 303
215 256
445 202
37 210
220 302
254 228
202 320
228 240
334 342
468 211
161 315
144 347
156 227
172 233
238 233
261 330
477 418
285 301
130 276
184 171
393 229
63 280
419 133
228 240
318 285
328 223
12 331
306 316
27 167
412 340
328 254
467 229
383 160
215 336
205 301
388 381
51 274
56 143
32 274
366 364
477 368
328 223
58 637
184 192
83 344
430 347
343 347
291 229
431 226
381 237
94 300
28 143
135 303
334 342
114 306
432 175
2 223
54 223
37 210
160 212
393 229
384 285
432 175
83 344
408 308
392 217
172 233
397 275
197 350
415 162
237 286
393 229
432 388
344 284
256 376
37 210
254 228
65 201
328 223
242 153
371 226
250 182
45 327
371 226
407 293
396 357
166 244
56 248
32 274
464 310
45 327
45 327
215 256
467 229
93 329
360 168
45 327
321 237
33 241
9 273
172 233
384 134
438 328
45 327
213 272
348 262
366 364
172 233
420 277
250 326
254 228
308 373
243 221
404 246
