477 2
2 2
106 187
138 123
134 142
110 278
80 264
202 58
104 286
93 194
143 136
157 65
133 100
338 102
177 71
254 146
217 79
76 226
79 243
225 136
3 262
294 121
139 274
477 138
73 272
153 97
115 157
159 109
397 79
158 126
117 144
62 279
212 110
51 283
18 280
215 143
125 115
239 127
43 303
79 198
168 64
193 42
113 173
91 279
204 46
244 144
160 55
35 296
360 280
24 288
473 375
129 174
405 86
96 227
149 83
222 169
221 153
141 152
199 30
229 126
127 163
13 270
231 94
468 109
137 76
68 250
94 211
148 208
191 57
430 132
216 58
25 304
71 235
440 377
144 47
278 131
230 216
377 213
196 114
466 227
301 129
404 178
134 198
346 96
433 105
32 325
445 231
43 289
453 241
217 189
9 341
382 223
122 126
179 197
129 209
405 102
213 94
355 169
2 285
477 104
466 137
338 112
236 202
3 419
467 208
430 187
407 130
419 133
459 261
359 195
432 197
348 185
132 286
288 131
351 115
3 295
263 140
443 107
82 209
172 188
423 249
411 150
456 334
440 137
49 322
440 304
233 156
186 237
426 308
340 195
449 282
113 361
424 233
201 71
403 232
455 291
401 167
340 159
444 330
180 218
404 270
150 242
402 188
404 256
301 205
273 366
448 153
476 225
425 298
425 279
70 364
81 384
413 229
91 370
477 162
137 382
452 181
3 377
247 165
467 190
64 300
146 253
67 219
439 282
421 177
460 200
467 174
450 304
435 393
443 201
261 130
83 363
173 280
273 308
147 225
240 216
123 234
222 89
475 149
433 172
207 154
275 336
176 113
35 310
139 235
121 292
453 251
100 150
477 637
252 328
130 371
187 101
261 349
279 182
81 284
238 113
340 178
227 106
193 198
412 277
216 127
300 276
78 372
418 101
342 124
151 115
197 140
160 80
250 189
180 228
442 181
117 270
258 207
273 190
200 273
292 260
99 363
264 246
272 347
401 157
279 217
386 234
139 64
421 153
58 363
6 307
140 186
236 137
273 323
152 276
437 213
306 284
201 97
228 299
303 149
397 69
245 254
458 158
107 204
229 251
139 169
207 120
298 311
361 389
276 229
70 287
435 295
141 372
260 223
286 287
456 323
262 194
330 250
299 216
456 105
411 198
281 111
104 245
182 140
246 283
206 191
311 229
475 281
111 371
456 344
417 83
159 209
166 266
46 270
266 118
243 155
189 72
227 184
441 241
173 241
321 242
302 186
262 362
258 307
263 168
454 88
131 226
402 431
180 160
35 281
363 364
289 275
128 266
200 83
55 381
172 82
477 205
105 235
121 304
99 559
311 263
195 214
300 227
397 389
427 211
338 401
472 397
245 310
183 207
298 291
341 272
255 174
282 101
126 318
219 228
264 267
267 396
227 237
296 238
232 349
147 381
140 261
213 237
439 269
316 252
112 133
247 293
290 208
303 254
175 92
190 127
206 324
215 199
463 307
402 297
262 376
137 426
134 89
88 307
170 389
112 395
127 150
336 210
236 273
229 362
302 166
360 184
403 210
223 290
224 340
191 325
362 311
209 360
122 378
406 357
123 355
142 329
98 345
357 348
460 281
261 603
400 145
129 187
314 311
113 217
369 195
323 271
350 155
301 176
245 356
414 350
414 298
230 328
153 137
465 95
243 336
13 299
102 581
244 242
120 280
275 153
291 95
173 378
2 637
326 232
237 179
114 320
189 304
132 393
295 362
212 180
365 375
456 135
225 269
462 624
358 260
293 326
437 223
322 261
122 328
227 80
161 567
298 301
215 259
477 551
293 385
356 327
433 145
241 376
107 334
112 255
223 373
370 339
285 318
1 516
218 277
332 223
324 330
477 184
289 247
47 475
110 306
431 508
7 318
150 163
175 178
236 320
292 373
296 395
164 199
427 403
353 270
307 241
324 354
12 255
99 456
67 323
172 505
334 370
349 230
144 106
154 638
449 593
210 221
274 164
219 350
145 394
350 137
59 315
99 119
246 226
278 297
164 331
65 351
257 259
381 343
172 258
125 137
84 331
444 318
286 339
82 320
205 130
238 300
314 362
243 397
78 296
202 297
359 207
263 288
244 265
450 610
478 236
305 118
273 280
279 266
188 577
253 392
334 317
274 240
