2 2
477 2
4 115
241 127
303 169
327 154
255 139
180 156
251 146
153 95
134 109
116 115
72 122
101 124
44 121
20 124
130 114
146 152
16 118
83 129
104 164
55 128
28 126
26 146
41 138
53 167
68 139
298 196
4 189
39 166
26 137
53 143
67 143
110 180
424 200
26 142
40 142
395 194
431 201
95 129
67 148
107 126
50 147
435 202
33 200
416 199
292 209
345 213
340 212
368 214
49 158
12 157
20 166
296 213
351 213
68 128
66 167
11 165
362 214
403 203
476 206
461 203
305 227
310 230
302 248
334 212
312 248
311 241
9 194
58 237
9 215
37 226
5 247
10 204
311 258
311 263
3 238
340 239
350 241
214 272
145 361
440 338
3 373
440 368
124 350
406 340
419 332
131 351
393 357
477 637
