2 2
477 2
4 201
21 214
477 137
6 209
17 212
7 232
197 183
204 206
203 211
191 246
200 240
188 248
207 237
209 247
236 247
260 245
235 251
247 249
409 205
254 246
241 247
20 254
100 252
275 256
267 262
273 265
266 254
263 250
76 267
256 238
285 280
247 259
82 268
282 271
119 279
288 283
292 286
286 289
4 276
279 288
178 268
401 273
330 247
330 274
289 303
313 280
31 302
333 234
365 285
177 296
393 285
303 304
322 277
168 297
389 284
172 302
222 280
150 306
288 298
319 248
168 320
165 274
372 276
240 285
296 311
165 277
66 311
153 318
341 263
310 282
307 300
306 287
73 306
50 307
336 272
339 267
34 309
59 311
176 282
10 294
171 312
44 310
162 293
139 304
149 311
157 312
3 371
