477 2
2 2
394 194
423 202
8 244
112 125
130 111
122 119
419 332
405 200
4 123
372 255
477 206
45 144
86 150
17 143
71 145
458 204
397 275
16 157
44 158
311 263
297 200
29 124
434 200
95 145
292 210
247 125
53 164
369 212
58 126
28 143
334 209
19 119
362 239
86 127
11 208
113 113
12 226
270 180
24 209
23 219
35 198
345 210
344 241
170 100
395 286
182 154
47 118
358 211
311 241
122 137
338 264
75 120
304 166
2 191
396 357
102 122
477 229
335 236
251 145
73 159
53 197
314 334
311 302
152 96
19 198
109 181
305 229
334 342
98 158
207 148
116 361
428 619
147 153
166 145
174 376
433 288
434 277
328 254
303 331
33 228
27 167
429 337
136 161
227 251
124 351
173 195
384 285
440 341
56 143
317 316
302 246
413 231
41 134
124 155
88 371
477 282
70 173
167 163
213 272
135 136
301 291
230 163
160 335
339 251
241 137
110 264
454 549
32 274
273 162
108 169
178 126
359 256
198 114
348 262
107 149
39 340
167 115
51 274
148 173
143 232
367 159
226 269
195 128
12 133
168 350
462 288
431 226
194 148
216 168
464 310
183 182
305 219
452 234
151 196
403 267
381 347
419 250
228 240
438 361
140 360
343 347
147 134
209 191
293 182
261 330
188 332
326 324
162 181
242 153
215 256
68 135
180 138
238 233
150 186
284 317
134 146
250 203
155 161
232 180
475 314
123 173
221 142
175 255
148 123
368 324
350 249
12 331
210 292
254 228
184 192
255 291
219 182
261 153
306 187
83 354
256 376
420 277
250 182
156 148
109 351
282 183
163 197
430 347
137 175
144 108
187 112
444 279
162 125
211 128
190 160
236 342
9 273
185 202
426 313
145 209
197 350
65 201
443 603
404 246
211 282
202 175
265 129
313 253
367 347
272 193
408 308
471 294
256 192
59 237
136 122
250 326
144 347
285 165
311 199
54 223
338 311
9 255
94 300
412 340
81 193
176 110
171 175
71 259
215 336
243 310
257 317
133 98
100 175
264 172
252 280
79 203
7 163
95 134
98 246
400 347
415 162
81 253
16 373
198 289
56 248
407 293
252 159
149 612
98 197
71 189
237 286
461 194
438 313
270 303
92 169
435 372
285 301
442 233
176 366
382 203
194 183
468 211
197 138
467 229
251 169
291 229
231 132
238 255
463 182
418 190
377 184
308 373
161 315
92 256
32 256
318 285
265 281
321 237
196 202
88 275
241 172
129 289
225 338
477 418
124 202
114 157
33 241
396 206
184 171
92 219
172 233
80 169
438 328
478 193
63 280
176 91
223 197
178 303
232 144
83 344
114 306
146 332
127 379
384 134
337 594
160 212
205 301
456 279
153 276
37 210
355 347
243 244
381 237
341 361
83 334
342 226
433 299
18 242
192 266
14 181
388 381
231 219
368 336
328 223
392 217
6 141
156 227
366 364
325 270
282 268
262 139
272 322
212 117
243 221
58 637
394 254
472 175
432 388
46 178
187 358
256 215
290 155
371 226
166 244
459 255
104 215
90 185
206 249
200 164
271 254
130 266
137 244
130 276
98 358
45 327
292 345
220 302
54 211
445 202
119 191
384 366
202 320
393 229
477 368
447 254
344 284
25 177
110 138
419 133
316 349
157 138
53 303
245 194
2 397
73 301
2 223
2 364
26 338
139 198
135 303
201 375
296 261
116 284
284 202
306 316
86 117
432 175
251 493
304 346
93 329
262 247
234 198
246 299
168 206
