2 2
477 2
5 81
278 123
279 127
334 127
254 128
220 129
238 129
168 130
174 130
148 131
98 133
122 133
73 134
49 135
146 135
185 136
26 137
108 137
134 137
84 139
35 140
59 140
73 149
82 149
96 149
290 149
5 150
47 150
57 150
82 153
95 153
107 153
408 153
58 154
46 155
424 155
444 155
120 156
95 157
105 157
81 158
429 158
57 159
398 160
287 164
330 167
337 167
366 167
80 168
46 169
55 172
316 172
330 172
70 176
95 176
46 177
329 177
373 183
476 183
476 192
269 199
275 201
301 205
291 206
297 206
285 207
26 209
49 209
56 209
62 209
15 210
21 210
282 221
288 224
26 230
302 231
323 241
175 279
123 334
476 336
23 338
476 347
113 364
381 364
388 364
124 365
352 374
477 637
