214 206
153 200
135 193
268 233
466 238
433 179
477 2
429 284
465 174
172 172
163 201
418 319
244 202
467 197
393 274
434 302
2 2
461 113
342 270
452 246
438 268
432 315
295 253
440 234
124 134
333 265
477 256
68 206
376 275
128 159
108 157
464 207
47 197
328 313
253 208
235 209
294 223
423 276
456 184
408 306
173 202
280 216
402 285
289 285
68 233
203 206
230 184
110 209
46 159
110 249
477 237
439 254
476 189
138 278
328 284
468 154
426 216
269 249
264 208
52 261
158 329
439 280
81 223
109 176
44 223
361 252
111 219
341 283
28 168
409 276
221 197
440 293
103 236
95 208
36 196
281 257
412 291
11 154
297 312
293 243
76 239
282 293
148 307
82 207
453 258
4 142
70 261
309 305
463 249
9 167
443 345
383 283
44 243
50 235
277 274
170 334
125 281
368 261
98 249
388 301
180 609
272 296
397 313
66 251
57 314
85 260
8 179
44 324
192 204
48 210
315 316
366 357
222 279
45 183
196 541
171 226
283 235
143 265
74 338
178 286
22 177
200 287
435 152
394 264
463 269
477 267
168 286
4 325
128 357
172 276
191 234
151 190
141 206
55 334
159 249
269 284
219 184
37 208
53 250
88 237
123 345
436 214
447 122
452 206
375 297
478 141
40 288
247 185
164 311
183 277
468 95
51 300
430 242
88 248
152 229
287 303
118 182
477 178
154 166
222 230
351 254
202 308
159 275
147 291
423 137
354 268
432 194
139 364
471 229
449 165
417 189
384 269
444 200
144 244
319 304
273 341
419 227
165 185
205 229
103 312
132 181
106 345
183 197
60 240
309 288
226 166
473 168
195 278
350 360
209 277
70 320
301 618
122 236
173 365
456 100
200 174
386 332
209 293
340 306
1 155
466 259
209 191
350 289
97 261
121 205
450 229
413 258
457 81
403 552
56 187
330 250
293 270
443 180
181 233
440 108
186 595
349 610
35 183
281 246
197 254
362 300
460 123
478 103
333 297
45 313
3 299
419 240
108 262
233 282
468 131
68 220
83 281
146 345
134 227
179 180
431 99
83 345
118 158
55 288
187 165
135 253
449 87
415 161
453 42
478 152
169 344
451 286
132 216
22 315
207 164
150 335
184 330
64 275
106 362
107 322
435 133
257 183
156 285
371 374
257 279
3 277
437 122
409 399
431 227
196 187
277 227
172 297
469 84
405 210
372 314
8 190
162 127
389 320
82 594
161 144
95 345
134 149
414 130
354 637
135 376
462 143
24 197
420 102
23 299
2 409
182 308
211 178
239 177
91 222
261 315
239 593
236 165
30 225
322 638
128 265
161 154
409 171
456 69
303 273
341 249
224 208
306 252
454 155
466 74
376 250
237 232
