2 2
477 2
74 4
197 4
301 4
71 8
375 8
214 9
115 14
368 19
434 25
443 25
181 28
430 35
272 49
276 49
309 57
328 61
332 61
338 62
354 66
476 69
3 76
403 77
271 85
66 87
421 91
112 92
413 92
140 96
355 100
176 101
218 107
390 107
241 111
251 112
272 115
310 121
4 124
338 125
240 148
354 149
271 152
3 156
36 158
327 159
67 160
399 164
117 168
406 169
132 170
139 170
121 172
112 175
217 177
240 179
250 180
257 181
135 186
140 189
240 211
225 213
237 234
4 251
43 257
135 258
157 260
238 261
476 262
258 264
328 266
344 267
476 267
408 287
473 288
172 298
236 301
117 303
476 320
3 349
476 360
475 392
4 394
4 407
3 420
3 636
477 637
