3 3
477 2
55 4
196 51
351 4
36 22
377 54
181 35
133 53
372 54
431 47
435 45
212 64
421 73
298 59
299 64
346 78
349 86
336 91
339 111
350 109
475 114
3 107
386 94
243 68
74 60
386 86
82 126
386 79
148 82
382 137
211 102
201 99
390 139
230 108
266 146
270 148
349 116
5 80
371 149
228 189
315 130
309 183
4 179
57 192
318 158
101 192
355 178
137 140
364 179
169 147
141 149
159 155
153 198
219 157
229 160
228 214
257 194
176 210
100 200
229 180
237 200
217 224
39 276
85 269
146 273
158 274
211 276
475 283
221 277
344 287
352 288
475 316
408 285
474 304
211 306
223 287
155 312
475 359
3 333
475 396
474 410
4 404
5 360
4 448
3 636
477 637
