477 2
2 2
477 192
44 84
289 167
1 138
113 123
240 150
40 97
477 192
375 200
477 192
477 192
388 202
375 200
401 208
375 200
254 153
222 160
241 236
133 244
13 142
375 200
135 131
478 214
363 193
477 192
270 244
2 181
289 167
254 153
267 204
204 134
241 236
212 189
172 174
3 108
44 84
194 133
98 162
194 133
470 226
195 186
196 168
267 204
368 292
267 204
205 227
135 131
289 167
77 174
375 200
478 214
214 139
90 118
158 121
113 123
375 200
279 210
158 121
457 319
77 174
204 134
312 311
316 173
133 244
352 204
300 198
266 233
191 150
57 78
237 166
457 319
282 246
328 182
279 210
315 240
292 232
227 272
229 307
46 162
258 320
289 167
160 158
185 169
160 158
204 134
278 264
460 270
404 264
205 227
227 236
92 172
252 229
278 264
280 331
74 204
92 172
253 301
33 316
185 169
328 182
300 198
14 176
173 142
456 373
104 171
457 319
282 246
185 169
35 218
359 230
254 183
312 311
305 169
223 221
214 295
309 215
269 285
57 78
478 214
90 118
246 271
465 216
158 121
270 335
208 155
254 153
254 183
226 173
33 193
73 215
270 335
47 186
204 134
291 277
289 167
312 299
282 246
251 172
380 213
339 185
211 168
290 300
205 227
53 172
339 185
232 287
434 229
229 307
310 226
39 622
22 148
244 260
336 294
290 256
325 293
149 206
61 118
246 271
32 233
77 174
259 330
229 307
227 272
305 169
312 299
61 306
315 240
229 307
33 316
254 183
254 183
113 123
204 134
29 69
33 276
33 193
300 256
149 206
74 204
53 172
259 330
22 235
259 288
212 216
33 316
328 182
214 295
185 169
22 235
255 200
456 373
477 192
278 264
294 320
268 275
205 227
270 244
226 194
434 229
232 287
312 299
312 299
259 330
348 227
33 316
76 161
240 150
270 244
39 622
168 118
292 232
254 153
328 182
312 311
271 320
246 271
220 630
246 271
227 272
255 200
22 235
204 134
344 305
33 249
70 237
457 259
312 311
363 208
215 256
152 169
267 188
251 172
92 172
57 78
22 148
390 216
92 172
269 356
87 207
53 257
304 239
230 259
405 587
139 115
267 188
70 187
16 186
33 316
223 221
76 161
380 213
212 216
304 380
414 225
205 227
50 294
205 227
212 216
220 630
477 404
226 173
205 227
18 213
363 208
33 276
117 108
33 193
33 166
254 183
214 295
368 292
245 320
380 213
33 316
246 271
316 173
230 321
271 320
254 153
421 310
370 303
22 235
2 96
477 404
22 235
275 345
133 244
290 256
434 229
214 295
36 155
53 257
60 198
404 264
61 306
414 225
246 271
33 316
336 294
70 187
282 246
374 317
326 322
77 174
328 182
457 259
39 622
61 306
23 162
33 316
22 235
53 172
312 279
359 230
275 345
304 380
87 207
352 204
39 622
314 269
300 256
73 226
50 294
32 233
7 230
195 186
204 134
77 174
149 206
205 227
352 204
316 173
355 274
259 330
7 230
117 143
160 158
254 215
246 271
128 104
53 276
392 262
391 354
42 321
304 380
270 244
246 271
74 135
263 345
409 214
305 344
380 213
329 334
363 208
404 264
369 233
456 373
53 276
266 259
414 225
434 229
