2 2
477 2
452 18
453 28
461 33
449 35
476 48
460 50
444 51
402 55
394 60
476 66
415 70
393 81
476 81
390 90
386 92
410 93
381 94
409 103
472 103
419 105
379 106
413 112
416 117
395 121
381 128
401 134
477 137
375 138
392 141
376 145
375 150
402 150
387 167
197 183
345 199
409 205
204 206
7 232
337 244
319 248
100 252
183 252
20 254
76 267
82 268
178 268
401 273
4 276
372 276
119 279
389 284
393 285
15 293
10 294
31 302
161 302
139 304
303 304
73 306
50 307
34 309
44 310
59 311
66 311
296 311
55 312
3 371
