477 2
430 36
368 20
382 24
451 42
477 50
356 101
301 3
310 120
273 86
272 153
329 160
356 149
357 127
131 168
119 167
241 149
242 178
357 163
217 175
330 122
373 5
273 180
178 99
226 214
233 108
474 400
2 2
135 187
2 155
274 113
241 212
154 138
258 180
463 44
3 125
346 126
236 230
2 75
232 177
263 113
162 98
130 93
68 84
3 406
432 23
218 105
34 2
3 419
443 23
429 81
322 58
477 361
243 108
149 95
50 83
320 123
311 185
310 55
416 91
273 47
462 164
236 299
12 78
32 76
412 136
389 72
401 98
391 134
109 164
113 90
404 75
3 395
413 158
356 64
148 24
419 145
212 5
74 7
112 14
338 58
198 3
3 253
217 31
135 255
2 232
172 299
33 155
147 168
328 265
50 162
69 158
107 617
318 222
402 139
180 168
356 191
239 258
150 255
408 172
327 247
395 192
472 271
458 141
283 249
237 242
409 265
294 321
81 244
477 67
120 300
345 266
37 196
141 138
178 70
428 116
315 256
306 32
259 263
230 148
43 255
242 81
289 1
329 96
455 68
304 567
422 266
339 36
71 297
269 254
137 293
68 54
14 254
57 297
309 158
15 624
25 126
3 331
262 152
389 107
473 288
256 245
407 111
408 289
133 199
142 65
428 173
414 318
33 283
301 253
165 171
289 27
38 166
204 277
21 158
228 78
128 63
55 208
67 233
120 312
32 255
278 239
167 140
134 238
218 191
390 307
341 161
126 249
389 95
127 137
192 248
178 621
162 68
2 365
148 295
115 238
50 51
470 124
319 290
396 148
417 113
260 84
43 307
477 258
238 440
291 299
414 232
255 597
54 7
58 127
400 161
386 51
114 227
295 596
431 397
380 530
332 185
161 278
217 78
218 273
1 45
113 63
112 135
478 445
395 465
89 2
33 208
341 243
48 128
290 262
129 20
343 293
178 144
159 185
425 162
36 323
309 93
247 272
33 304
83 299
104 296
1 243
164 112
329 202
310 212
248 289
411 242
457 122
64 630
217 146
148 236
339 174
35 127
357 429
445 65
161 258
179 238
167 240
372 47
42 266
319 631
116 258
31 231
306 240
68 133
247 223
360 248
280 261
417 303
2 303
401 419
32 183
404 520
17 228
289 431
157 229
406 579
233 333
345 98
166 27
235 537
228 270
477 320
434 574
235 220
56 187
351 311
369 399
366 226
122 195
181 206
27 48
251 164
2 272
284 115
306 222
299 18
396 263
311 171
359 450
159 288
37 49
300 278
134 282
168 215
311 106
8 206
213 541
75 213
221 91
388 566
350 611
461 303
45 208
182 218
169 126
251 521
138 217
318 392
330 222
319 239
432 248
318 203
379 311
33 242
278 200
233 280
324 173
411 637
13 195
55 264
177 113
465 585
74 476
1 289
218 206
197 124
104 248
13 2
285 291
308 611
397 430
477 300
477 637
260 284
66 121
325 304
23 168
110 472
447 604
86 156
22 304
307 263
14 46
408 254
217 237
14 283
159 623
420 613
121 497
158 128
390 181
188 282
358 523
451 288
54 224
293 170
2 637
363 205
222 570
281 223
388 514
313 271
249 194
233 452
472 249
104 189
360 637
344 210
167 414
196 165
198 64
26 196
177 419
86 219
282 607
174 430
162 298
9 264
478 432
445 411
49 243
389 295
425 438
294 220
367 533
261 221
335 412
114 215
431 464
114 178
136 622
405 306
279 273
450 258
430 596
2 353
401 391
131 265
187 181
471 499
31 420
403 275
405 404
372 255
176 272
195 331
338 230
355 174
76 176
467 107
350 441
287 392
22 327
408 121
234 163
391 120
224 428
426 310
44 286
7 317
263 97
333 430
22 413
380 41
349 112
324 525
19 147
197 195
368 118
119 272
321 602
361 464
267 572
