2 2
477 2
107 157
4 118
8 166
44 164
69 150
28 168
47 147
48 159
70 166
70 171
40 186
82 168
38 191
152 199
171 201
65 199
108 212
36 197
68 205
45 214
69 209
136 193
32 204
45 223
290 237
458 207
74 209
464 204
35 209
454 183
455 240
471 230
461 239
448 248
50 226
452 247
297 239
359 254
349 254
277 216
335 259
355 261
41 244
79 237
281 218
290 218
64 254
52 244
341 271
327 282
336 270
378 281
268 236
377 274
289 232
51 237
267 214
284 280
438 269
405 292
290 246
333 308
265 279
422 304
433 303
409 308
320 313
390 284
425 278
326 313
305 312
425 275
310 309
277 296
290 305
437 289
295 311
441 293
315 314
167 344
438 297
422 295
432 313
414 320
405 318
417 314
168 340
135 355
147 336
158 330
133 375
476 369
476 407
3 387
